32.948392 66.665217 0.744865
33.691658 65.373366 2.640920
32.369057 66.761789 6.146931
32.252642 65.782405 8.372220
32.699685 65.072519 12.222690
33.668541 65.525863 15.572928
33.509015 65.634221 18.779172
32.912536 66.725148 21.683016
33.022954 65.817038 23.017148
33.783829 65.779346 26.419549
32.335021 65.945444 30.744867
32.426011 65.212843 33.225654
33.387334 66.711114 36.586762
33.749464 65.631676 38.449871
32.397062 66.667803 41.563531
33.481344 66.618890 44.379288
33.490429 66.603360 48.628838
32.420469 66.482484 50.343226
33.840489 66.520685 53.850114
33.238729 66.859832 56.548671
33.442083 65.500035 59.255287
32.512243 65.202560 62.644779
33.760157 65.778963 65.389014
32.654960 66.918448 69.193392
32.975784 66.560645 72.827702
33.634848 65.239874 74.861519
33.825448 65.483137 77.773092
32.629026 66.900432 80.772842
32.032419 65.864392 83.786935
33.678069 65.602690 87.618359
33.578841 65.824048 89.203769
32.930085 66.440963 93.894798
33.234162 65.379614 95.251475
32.112041 65.546386 98.924090
33.866065 68.825934 3.468650
32.197488 69.260116 6.536949
32.907643 69.977065 9.191871
32.295991 68.378078 12.342906
32.180719 69.107433 15.563237
32.057949 69.115838 18.314835
33.048641 69.853093 21.519487
32.518621 68.276843 24.495296
32.014263 68.838107 26.954034
32.742734 69.865449 29.570101
33.329034 69.867443 32.626798
32.186068 69.575176 35.918218
32.541300 69.620740 38.364173
33.618441 68.256153 41.746578
33.683787 68.270319 45.001240
33.443534 68.962527 48.895474
33.115799 69.992230 51.045494
33.636107 68.246283 54.165163
33.574664 69.050595 57.816824
33.811420 69.485289 60.325718
32.278580 68.881322 63.682252
32.223669 68.412168 65.772486
32.454190 69.454312 68.295946
32.573571 69.368573 71.173978
32.648561 68.270550 74.413150
33.810942 68.421548 78.088123
33.081515 69.655824 80.249500
32.093408 68.882667 84.405369
32.518603 68.602350 87.781109
33.953867 69.289277 90.080350
33.525479 69.489098 92.303829
32.667969 68.065421 96.127737
32.748227 68.209996 98.440980
36.524480 60.668895 0.526782
36.869828 59.523929 3.129439
35.244990 59.763980 5.388236
36.449191 59.290149 9.542531
36.733204 60.247271 11.366542
36.761579 60.552861 14.661855
36.874361 60.064689 17.519055
35.569589 60.853865 20.707320
36.160076 60.525641 23.164490
36.897551 60.034147 27.439586
36.788141 60.212937 29.422513
35.168997 60.466510 33.302990
36.471266 59.363848 35.389083
36.931556 60.047629 39.360465
36.239879 60.504423 42.829467
35.781810 60.907996 44.642319
35.273269 59.446471 47.593223
35.451023 60.531274 51.645268
36.695104 60.678489 54.237663
36.646096 59.425606 57.502625
35.031155 59.768879 59.910995
36.012732 59.247197 62.341877
35.052808 59.682604 65.954315
36.909846 60.373391 69.180994
35.709710 59.052012 72.130579
35.491018 59.427870 75.643121
36.848336 59.478927 78.093852
35.526607 59.567583 80.232593
36.592798 60.632748 84.498216
35.806665 59.378194 86.241067
36.683722 60.689325 90.239492
36.283669 59.041848 93.038433
36.575043 60.031647 96.817511
35.397249 60.740292 99.297757
35.440546 62.213603 2.738102
35.974501 63.674479 6.737853
35.722910 62.823816 9.944553
36.010463 62.265569 11.321397
35.663289 63.358017 14.129110
35.211679 63.150170 18.596657
36.181570 63.757505 21.627072
36.455465 63.890133 24.014653
35.830609 63.672848 27.720127
36.934595 63.313084 30.168853
35.179414 63.293969 32.509877
36.816763 62.673492 36.475700
36.389427 63.396735 39.831233
35.651415 62.868623 41.071976
35.428798 62.189407 45.129103
35.305848 62.359737 47.671038
36.682018 63.500837 51.532929
35.684288 63.198750 53.072194
35.849857 63.988622 56.990836
36.296490 63.953155 60.059913
36.399993 63.916437 63.012212
35.301249 62.592296 65.412187
35.314089 62.441749 69.466778
35.859487 63.987541 71.929154
36.769103 62.913873 75.633295
36.456732 62.929310 77.113209
36.633847 62.904922 81.767593
35.152553 63.257772 83.535901
36.858449 63.511302 87.040441
36.794802 63.471245 90.382384
35.813814 62.054017 93.265427
36.590167 63.549999 95.409066
35.507724 62.335002 99.561643
35.909911 65.017230 3.161388
35.391746 65.559714 5.339564
35.025868 65.811976 9.125351
36.639074 65.430325 11.483226
36.107193 66.265862 14.041967
35.468914 65.456184 18.649778
35.887874 66.537781 20.164405
36.030150 65.026829 24.228097
36.387604 66.428102 26.183611
36.595541 66.016300 30.803160
35.519786 66.206962 33.852386
36.242988 65.381494 35.252734
35.504501 66.313076 39.810225
35.024840 65.787246 42.061633
35.288667 66.697119 45.089612
36.495587 66.868294 48.021428
35.321878 65.738292 51.686775
36.648294 65.770787 54.726069
36.731395 66.679454 57.058336
35.348914 66.695665 59.696458
35.388077 66.501006 62.388000
36.544585 66.581058 65.395188
35.330686 65.998656 68.257022
35.499519 65.973950 72.865355
35.372706 65.457814 74.440951
36.035863 65.025696 77.777636
36.052037 66.939522 80.661489
36.530449 65.280822 84.448784
36.598752 65.450686 86.417119
35.357933 65.358331 90.419537
36.949491 66.259547 92.823642
36.084891 66.987569 96.132289
36.327161 65.659806 98.118391
38.347573 54.648946 0.391419
39.058960 54.998155 3.014498
39.871743 53.549476 5.807408
38.351602 54.761288 9.004471
39.037967 54.627531 11.222335
39.432982 54.775637 15.459254
39.899941 53.596644 17.834441
39.198813 53.629611 20.092650
39.840026 54.125933 23.472272
39.317793 54.916964 26.758787
39.553566 53.597638 30.729157
39.211662 53.381334 32.243395
39.659349 54.373392 35.347438
38.392265 53.642877 39.709311
39.641734 54.743566 42.187850
38.566126 54.508341 45.743870
39.599706 53.265714 47.681916
38.349395 53.330145 51.357781
39.271573 53.237202 53.413156
39.268319 54.763720 57.587143
39.720399 53.385250 59.678896
38.796289 54.534942 63.819963
39.506052 53.903058 65.142962
39.248620 53.401659 69.761693
39.505911 54.767225 72.394234
38.468207 53.546125 75.714978
39.452678 53.133765 78.211471
39.484762 53.292723 80.485446
39.874414 54.396279 83.720066
39.381748 53.879811 86.083581
39.828570 54.227020 90.511794
39.353207 54.906424 93.231605
38.328196 54.593865 96.442724
39.842561 54.263849 99.469547
39.854619 56.623836 2.642052
38.528907 56.208888 5.609855
39.671187 57.691862 8.733851
39.658998 56.254079 11.903438
39.991247 56.991301 14.868265
38.398574 56.412264 17.458841
39.892434 56.627172 21.254086
39.060286 57.656660 23.248227
38.930273 57.777835 26.375411
38.693676 57.600693 29.261533
39.455313 56.557416 32.227466
38.239556 57.530843 35.625928
39.847181 56.534587 38.743729
38.201275 57.597629 42.069841
38.375510 57.731839 45.272808
39.088840 57.956243 47.721240
39.575284 56.324683 50.538485
39.563308 56.231270 54.302883
39.307288 57.881862 56.642378
39.164048 56.148063 59.502716
39.641368 56.775335 62.266398
38.084419 56.637098 65.826756
39.626269 57.518373 69.582303
38.050310 57.313071 71.991288
38.441436 57.434177 74.293249
38.173885 57.559141 78.069966
38.282543 57.074775 81.692578
39.075614 56.137771 84.500843
39.791593 56.443046 86.748637
39.456149 56.299529 89.451121
39.661969 57.619726 92.578412
39.944800 57.196030 95.737464
39.361183 56.336846 98.344428
38.284777 60.270884 2.355735
38.752767 60.959365 6.135993
38.473913 60.567631 9.633267
39.892681 59.554977 11.928763
39.918444 59.671354 15.220119
38.569186 59.670793 17.159749
39.685981 59.285316 21.136590
38.372538 59.857607 24.765516
38.645193 60.078938 26.068399
39.081178 60.852219 29.483150
38.520898 60.852372 32.790421
38.534626 60.872854 35.853190
39.734648 59.585142 38.463172
38.164558 59.534370 42.291933
38.303145 60.683831 44.783740
39.973771 60.201844 48.105021
38.262633 60.642645 51.208080
38.050823 59.953869 54.311345
38.672035 59.179352 56.532051
38.343227 60.513033 60.552672
38.830469 60.224043 62.040279
38.453588 59.162760 65.978476
39.345313 59.527538 68.189113
39.764445 60.400288 71.494635
39.946832 59.858894 75.289134
39.292585 59.107549 77.656599
39.019193 59.045615 81.297963
39.512390 59.623542 83.228161
39.547414 59.289009 87.441396
39.828117 59.439599 90.013137
39.135119 59.543525 92.120583
39.569996 59.807147 96.798694
38.318633 60.254084 98.313574
41.158765 48.489526 2.770461
42.375205 47.381558 5.309528
42.580722 47.501754 8.356173
41.999468 47.171637 12.560191
42.759099 48.422331 14.504616
42.665732 48.574345 17.523630
42.203622 48.130948 21.970253
42.202569 48.671579 23.287296
41.438004 47.185403 26.856501
42.530455 48.636800 29.440443
41.884995 48.118343 33.986290
42.282789 47.712989 36.915235
42.723811 48.423769 38.455465
41.158766 48.132960 41.475933
42.362405 47.205619 44.512537
42.323287 48.523341 47.211584
41.972282 48.875270 51.482840
42.545947 47.224800 53.682184
42.946810 48.019101 57.321226
42.201924 48.408635 59.109919
41.456533 47.363414 63.547176
42.542533 47.480614 65.339775
42.457582 47.239757 68.538861
41.842806 48.933059 71.676441
41.608906 48.457500 74.201414
42.155092 47.128710 77.534383
41.365649 47.884590 81.764382
41.306569 48.382853 84.610391
42.747235 47.856162 87.648807
41.491325 48.860105 89.961679
41.451091 47.988528 92.164196
42.383769 47.674335 95.135903
42.415229 47.097106 98.888787
42.187628 51.620429 3.761488
41.030654 50.923974 6.233640
41.474719 51.841009 9.129551
42.488904 51.113453 12.864929
42.462720 51.648491 15.604442
42.333758 51.919950 18.205661
42.690978 51.433613 21.578385
41.726932 51.542604 23.205636
41.233673 51.639366 27.062886
41.554189 51.635179 29.369286
41.244142 51.038882 33.653580
42.039081 51.083168 35.004231
41.546274 50.111340 39.066449
41.255827 50.339381 41.901057
41.599692 50.571890 44.189768
41.074301 50.654010 48.152882
42.712978 50.535834 51.525558
42.344397 50.893000 54.932707
42.374573 51.127344 57.918411
41.493535 50.143393 60.098581
41.850363 51.103533 62.016695
41.925835 50.054563 65.682748
41.667909 51.208525 68.080091
42.926007 51.289246 72.242584
41.280877 50.883803 74.314902
42.220240 51.754555 78.618176
41.417180 50.302313 80.583401
42.839837 51.207556 83.498408
41.852590 50.463528 87.830944
42.063237 51.951943 90.299675
42.088006 50.660077 92.063673
41.228134 51.268524 95.423704
41.968052 51.807816 99.588569
41.916197 54.991833 3.096144
42.108016 53.148947 5.486151
41.662545 54.167817 9.926262
42.598963 54.776158 11.802966
41.449873 53.378480 14.442261
42.709609 53.643441 17.392283
41.109381 53.649849 21.290160
41.328480 53.999871 24.740987
41.433425 53.178139 26.940521
42.405550 54.463866 29.212372
42.895578 53.728063 33.352123
41.170925 53.883303 36.546824
41.284279 53.301614 39.000040
41.912839 54.996126 41.988327
41.253707 54.327597 44.420580
42.957587 53.804667 47.788172
42.504583 53.319217 50.469028
42.751566 54.369809 54.546251
42.748049 54.592712 57.298522
41.377987 53.543016 59.364181
41.679917 53.200657 62.491474
41.360295 54.241063 66.729840
41.300809 54.064338 69.712034
41.975078 54.017586 71.000465
41.270844 54.674124 75.117845
41.298895 53.592738 77.414689
42.521538 54.850282 81.070841
41.529706 54.649232 84.597763
41.393115 53.215768 86.870886
41.436519 53.354211 90.515214
41.659440 53.585004 92.156319
41.715266 53.504576 96.820659
42.461174 54.564280 99.684767
44.646625 42.377586 0.855894
44.302056 42.406178 2.410174
44.201898 41.936550 6.599172
44.362518 41.262668 9.223513
44.323289 41.555372 11.413171
45.674309 41.322566 15.293923
44.306840 41.306222 17.804548
44.405395 41.248430 20.714365
44.719770 41.272343 23.373911
45.636840 41.470102 26.439962
44.298044 42.184107 29.311987
45.771096 42.517558 32.629131
44.547311 42.612091 36.648396
44.084307 42.254049 39.311394
45.830566 42.220404 41.488549
45.659682 42.678797 44.677425
45.468057 42.729089 48.499352
45.241712 41.031399 50.941800
45.121858 42.937520 54.325895
44.368652 42.553202 57.543477
44.621157 41.465769 59.244304
44.471039 42.555277 62.358231
45.285221 41.315042 66.670434
44.225855 41.689962 69.551884
45.869854 41.776982 72.440018
44.173796 41.590475 75.386879
45.590023 42.473475 77.346017
44.000414 41.989848 81.026940
44.023839 41.844185 84.151103
44.508907 41.292419 86.491909
45.918733 41.609819 90.060742
44.811565 42.911540 92.634504
44.613910 41.458553 96.746840
45.601171 42.723359 99.339625
44.430249 45.816431 2.906067
45.050103 44.997938 6.998742
44.484075 44.491265 8.310790
45.561916 45.597661 11.428115
45.586367 44.462378 15.605918
44.535821 44.631017 18.805226
45.726409 45.686951 21.020693
44.668156 44.145041 23.601346
45.970414 45.047911 27.236647
45.006027 44.023326 30.214644
45.588250 44.948468 32.192965
44.449213 44.944275 36.832784
44.472671 44.714777 39.800358
45.295855 45.947425 42.121886
45.800978 44.429084 44.819753
45.571165 45.790169 47.777731
44.899471 45.994919 50.994469
45.173746 44.614858 54.906354
45.582963 44.546692 56.325711
45.605555 45.519360 59.397034
45.539308 45.258719 63.801381
44.134653 45.126262 65.514992
45.840994 44.497372 69.200234
45.275678 44.040006 71.950883
45.737611 45.542546 75.401963
45.440252 44.684879 78.840760
45.700042 44.397903 81.383954
45.462058 44.113793 84.033770
44.484663 45.642007 87.567674
44.080979 44.607620 90.037924
45.945622 44.742893 93.199235
44.495021 44.499894 95.296516
45.353499 45.601063 98.283228
44.574695 48.865928 0.263219
45.658590 48.581225 3.477951
45.421191 48.453246 5.214401
44.862093 48.865804 8.518995
44.760521 48.575650 12.781842
44.484459 47.353221 15.562045
45.698802 48.602603 17.614584
45.483627 47.252467 21.455301
44.340582 47.382488 24.428773
44.952693 48.982308 27.181198
45.922550 47.889655 29.630236
44.473384 47.228234 33.356445
45.849970 47.880874 35.486813
44.612282 47.482216 39.762611
45.325247 47.383046 41.283354
44.429481 47.629029 45.732727
44.873161 47.091358 48.397846
44.215241 48.046909 51.618024
45.750927 47.720859 53.401511
44.405255 47.560768 57.673315
45.595338 48.758429 60.265251
44.517739 47.854286 63.863824
45.588555 48.808134 66.022837
45.717171 48.263719 68.354928
45.279246 47.148638 72.444076
44.347908 48.706956 74.726158
45.865993 47.628708 77.665040
45.339500 47.320895 80.349188
44.511612 48.068488 84.869935
44.492370 47.150977 86.853469
45.628806 48.751733 90.198746
45.363717 48.894964 93.258357
44.056813 47.700595 95.855935
44.216100 48.620515 99.021478
48.218290 36.973383 0.069820
47.940220 36.939187 3.338162
47.606211 36.725495 5.435564
47.972666 36.697772 8.284202
47.553085 35.188417 11.623702
48.553473 35.891725 14.174201
48.516548 35.269749 18.447115
48.630035 35.710685 21.720661
48.160653 35.032260 23.805912
47.400936 36.082588 26.203570
47.746038 36.857658 29.552870
47.213405 36.486296 32.619495
48.317997 36.861085 35.603251
47.266787 36.671178 39.109174
47.219410 36.490248 41.612267
48.784064 35.603798 44.522227
47.416097 36.565394 48.582569
47.201119 35.578257 51.428861
47.624480 35.129253 54.317465
47.560162 35.665990 56.166345
48.487118 36.607819 59.372886
48.450071 35.257962 62.503194
48.579086 36.626444 66.521753
47.731922 36.297411 68.083659
48.007486 36.697977 71.283919
48.575704 35.355687 75.503414
48.890785 36.164143 77.576256
47.808904 36.945150 80.735097
48.847839 36.211883 84.486081
48.558905 36.360510 86.253236
47.383057 35.330046 90.412969
48.261332 35.622664 93.888439
48.421714 35.206554 95.561136
48.527608 36.613715 98.412647
47.047060 38.949330 2.701106
47.572317 38.309500 6.583350
48.351100 39.805588 8.522762
48.662679 39.042048 12.747722
48.972692 38.988490 14.768186
47.245175 38.620274 18.534834
48.542103 39.828273 20.858268
48.697314 38.446748 24.455703
47.441218 38.681161 26.234426
48.415186 38.340766 30.626922
47.696263 39.450749 32.160614
47.016458 38.883860 35.861591
47.742852 38.477112 38.187311
48.035439 38.669330 41.056919
47.366390 38.253492 44.796865
47.636970 38.405906 48.717817
47.038036 39.085518 51.259447
47.647676 39.685998 53.363388
47.084813 39.088361 57.393224
48.569567 39.450589 60.687432
47.848124 39.690805 62.293090
48.005928 38.528401 66.881793
47.320384 38.336991 68.686088
47.919927 39.442965 71.107044
48.571140 39.818421 75.063143
47.790403 38.684858 77.074389
47.959758 38.310592 81.723255
48.268972 38.038173 84.050434
48.668121 39.380800 87.639223
47.368214 39.290574 89.281381
47.074294 38.631891 92.913024
47.850914 39.441907 95.115414
47.159109 39.014646 98.458994
47.436133 42.495405 0.660779
47.371406 41.426911 2.474225
47.971225 42.836340 6.547455
48.582724 41.381414 9.527052
47.584308 42.073063 12.906566
48.029224 41.034169 14.742480
47.360258 42.444375 18.627105
48.777614 41.376306 20.920491
48.704818 41.450726 23.551080
47.533564 41.434942 27.680549
47.419502 42.436449 30.687412
48.322021 42.586717 32.256989
47.996084 42.462911 35.113604
48.118423 42.396768 38.089752
47.304908 41.893145 42.710935
47.306538 41.934542 45.717513
47.531058 42.316525 47.175436
48.770556 41.489719 50.618089
47.254092 42.526987 54.407314
48.298055 42.319423 57.899518
48.297540 41.399840 60.742481
48.599232 41.247191 63.272396
47.784446 42.534014 66.817537
48.716593 41.347465 68.753641
48.315739 41.837914 72.934900
48.496190 41.155372 75.200993
48.626554 42.599858 77.502406
48.658140 41.406337 81.463051
47.843751 41.521641 83.135848
48.408609 42.425159 86.192362
47.083280 41.946266 90.395900
48.585026 42.748482 93.312280
48.518087 42.639544 96.567952
48.562385 42.650745 98.489849
51.223570 33.960181 0.167535
51.382801 32.329652 3.635686
51.034302 33.579783 5.185952
51.036567 33.587965 8.191940
50.433496 33.814134 12.127510
51.340326 32.920044 15.936902
50.386683 33.380378 18.692210
51.199325 33.650787 21.732630
51.591894 33.620203 23.485209
50.275835 33.124177 27.678355
50.137578 33.122110 30.491240
50.615866 33.671099 32.365913
51.279694 33.637001 36.718332
51.601937 33.774766 39.193416
50.531020 33.797353 42.379851
51.493098 32.192318 45.323271
50.452541 32.163336 47.983193
51.658636 33.380747 50.350978
50.838298 33.928667 54.333812
51.821572 33.349265 56.549407
51.546517 33.626640 59.444445
51.672539 32.260425 63.026828
51.493312 33.730825 66.471740
50.123695 32.887788 68.531494
51.717946 33.675663 72.167430
51.449722 32.307794 74.435552
51.836057 33.134006 77.467975
51.579088 32.472001 80.378812
51.764111 33.374921 83.475053
50.864497 33.556309 87.819853
50.683168 32.487116 90.797852
50.372751 32.717103 92.274377
50.020697 33.186961 96.077530
50.913349 33.287078 99.953980
50.836124 35.063327 3.309497
50.281691 36.628445 5.701523
50.331726 36.588870 9.454579
50.686093 35.641594 12.879209
51.602732 35.444979 14.426706
51.723242 35.491402 18.467171
50.777248 35.316171 20.305191
50.440775 35.171980 24.040617
51.607119 36.541315 27.581709
50.133251 36.370034 29.665603
50.770518 36.970746 32.929353
51.621315 35.325902 36.399449
51.494973 35.269732 39.470863
51.022902 36.205073 41.021521
50.873111 35.058579 44.687550
51.247440 35.489236 47.176657
50.779368 36.968252 50.882481
50.460378 35.693200 54.784016
51.400107 36.716582 57.571336
51.271524 36.696906 60.663775
50.617791 36.787225 62.516065
50.745387 35.182830 66.517112
51.550859 36.523322 69.650144
50.144567 36.394115 72.336018
51.703754 35.294119 74.919614
51.397668 35.139519 78.318485
51.415838 35.398210 81.681856
50.265094 36.488723 83.529827
50.943313 35.002648 87.045564
50.674553 36.613887 89.280815
50.050508 36.211262 92.767979
50.266210 36.441193 95.483376
50.146798 36.519616 98.954773
51.434348 39.657262 2.384087
50.801455 39.000714 6.980092
50.765417 38.659229 9.910410
51.557928 38.179319 12.123288
51.339519 38.093642 14.748520
50.582392 39.668313 18.615598
50.445345 39.568364 20.392282
50.742717 39.950816 23.827505
50.338730 39.467057 27.587010
51.002293 38.719028 29.040287
51.718934 38.829951 32.326043
51.676526 39.669885 36.305887
51.069691 38.242787 39.649439
50.701132 39.851772 41.569695
51.351460 39.628676 45.693717
50.559750 39.834078 47.667592
51.819764 38.564842 51.372323
50.480155 38.326164 54.525077
50.243037 39.308264 57.576177
50.189089 39.294204 60.505834
51.432083 39.675427 62.402420
50.441775 39.321725 66.764773
51.501153 39.483892 68.282578
51.753050 38.578954 72.505605
50.299412 38.296439 74.880926
50.737067 38.040900 77.895146
51.718272 39.050674 81.693914
50.402048 38.486733 84.615638
50.181928 39.115805 87.563337
51.276864 39.226147 89.066082
50.935031 39.362782 93.929607
50.643769 38.381332 95.299750
51.071560 39.833209 99.548308
53.980684 38.010731 2.855176
54.999366 39.028283 5.978352
53.312405 38.916711 9.721302
54.238691 39.187486 11.047175
54.336822 39.672001 15.659519
53.881598 39.937754 17.673507
54.101088 39.746295 20.342105
53.604877 38.083594 24.063857
53.055680 39.017869 27.328542
54.498566 38.632641 29.214838
53.619607 38.165277 32.601830
54.573109 38.417614 36.576518
53.437243 39.814681 38.860001
54.928201 39.083892 41.637501
54.778336 38.425478 44.746785
53.232916 39.509654 47.610340
53.399900 38.985494 50.200206
54.005243 38.859392 53.009948
53.559146 39.502430 56.256218
54.512782 39.634774 59.421972
54.190711 38.429278 62.201310
54.519967 38.213689 66.333689
53.837432 38.108598 69.423054
53.256343 38.837549 71.351476
53.260375 39.161696 74.346693
54.829816 38.444267 77.949339
54.940827 38.775469 80.746168
54.341789 39.470302 84.813632
53.194909 38.421054 87.129039
54.585839 38.271631 90.355346
54.880743 39.179381 92.561691
53.111780 38.756811 96.389774
53.725957 38.328212 98.311813
53.339544 41.582966 0.624404
53.117311 41.828437 2.562477
54.416074 42.270551 6.868150
54.655562 41.279527 9.226181
54.410501 42.602258 12.684671
53.620690 42.730891 15.567382
54.191959 41.173568 18.529304
54.882501 42.362720 21.299376
54.209053 41.036172 24.165327
54.431723 41.157138 27.321246
54.402730 42.018201 29.084862
54.023880 42.710968 32.297181
54.021349 41.161442 35.455606
53.358702 41.897881 39.760466
53.758258 42.719510 41.348950
54.798746 41.512729 44.647052
54.362804 42.550501 47.248121
53.259718 42.078631 51.667682
54.690040 41.431851 53.551612
53.178975 41.802196 56.464471
54.102304 41.008869 60.084818
54.657669 42.504616 62.440685
53.208820 41.473796 66.311678
53.038840 41.755101 68.872737
54.873058 42.431700 71.773273
54.304645 41.646480 75.884429
54.481706 42.537706 78.691976
53.229154 41.363332 81.021215
53.935744 41.005972 84.088197
54.771131 41.484691 86.626083
54.636990 41.454281 89.455543
54.240197 41.470386 92.186480
54.560053 42.828231 95.980677
53.205811 41.474212 99.304650
54.144754 44.838680 0.976229
54.724927 45.594048 3.348695
53.759108 44.191720 6.537266
53.538151 44.417194 9.668605
54.586598 44.194640 11.914568
53.014077 45.071178 14.848704
54.461533 45.823862 18.328996
54.379245 44.508600 20.215972
53.615677 44.347883 24.653482
53.486133 45.149787 26.155308
54.260909 45.891711 29.630166
54.556347 44.341438 33.506729
53.459928 45.065350 36.839078
53.287910 45.527924 38.537157
53.385232 45.444838 42.651291
53.659873 45.936313 44.912638
54.616627 45.521065 48.590138
53.798996 44.865258 51.970279
54.346761 45.883019 53.683718
53.161581 44.730262 56.526403
53.332475 44.443534 59.505273
54.482856 45.675672 63.557061
54.740972 44.359339 65.798716
53.383216 45.741141 68.734881
53.319268 45.690460 71.755319
54.614948 44.854225 75.774976
53.411721 45.801551 78.106972
54.132975 45.260312 80.043676
53.535179 45.822131 83.671304
53.673773 44.069607 87.167168
53.365222 44.662331 89.304992
54.749852 44.816583 92.364327
54.612382 45.549459 95.431596
54.308900 44.093032 99.286339
57.612558 45.548307 2.430675
57.772238 44.443825 5.692887
56.342138 45.363005 9.659883
57.580885 44.225240 11.750361
56.267036 44.975116 15.679812
57.596057 44.809970 18.780131
57.215706 45.471040 20.144669
57.679072 45.256685 23.312269
56.690166 45.714867 27.626872
56.373409 45.008624 30.779301
57.353040 44.193175 32.526295
56.329890 44.265313 35.894225
57.856953 45.441828 38.734634
56.262870 44.385684 41.718477
57.668098 45.653357 45.356047
57.332976 45.931096 48.148954
56.602072 44.300108 51.593131
57.616710 45.649354 53.555018
57.427712 44.352322 56.369464
56.512190 44.376151 60.610618
56.369994 44.399832 63.492839
56.774840 45.693921 66.683942
56.546637 44.120163 68.857347
56.147908 44.498218 71.851159
57.702435 44.667845 74.370509
56.484009 45.737728 78.435328
56.193896 45.586301 81.080291
56.721146 45.665979 84.691890
56.035574 45.176094 86.802839
57.713999 45.123558 90.689158
57.661840 44.463444 93.523523
56.403566 45.740487 95.690249
57.633822 45.009242 99.773424
56.341645 48.566742 0.495350
57.670324 47.438477 3.485137
57.756895 47.842386 6.634246
56.986597 48.333248 9.942744
57.646602 47.255577 12.166551
56.744035 47.816682 15.949145
56.608431 47.710861 18.873540
56.100293 47.563756 21.014798
57.693792 47.662152 24.636012
56.888444 48.631883 27.766994
56.302518 47.595324 29.408598
57.570136 47.453377 33.613309
57.743474 47.464966 35.598770
56.296557 48.620316 38.653048
57.604944 47.363572 41.521458
56.005285 47.950280 44.910166
57.605139 48.481621 48.633915
56.914065 47.403686 50.201861
57.008615 48.528781 53.151285
56.925659 47.283694 56.306185
57.665046 47.255464 59.941868
57.601740 47.206075 62.912869
57.613159 48.783953 66.097233
57.222125 47.026177 69.048271
57.516258 47.332267 71.463707
57.574363 47.383632 74.461300
56.581274 48.845736 77.669245
56.624057 48.921918 80.906543
57.397067 47.789943 83.106572
56.391659 47.388190 86.494421
57.019451 48.565124 89.175223
56.062737 47.692871 92.835045
57.666327 47.605700 95.367121
56.609379 47.480985 99.760289
56.028693 50.869508 0.198833
56.723312 50.259838 3.612866
56.356976 50.598874 5.347606
57.171234 51.517679 8.161735
56.183013 51.495322 12.295276
57.143283 51.921407 14.638782
57.336364 50.289982 17.381345
57.790379 51.461851 21.402486
57.308978 51.948976 23.936929
57.716993 51.692368 26.919084
57.286466 51.506871 30.813031
57.422633 51.611907 33.668544
57.253764 51.108845 35.038877
57.619006 51.660523 39.424901
56.779147 50.276850 41.345571
57.744674 50.332815 45.018014
56.000182 50.982932 48.008506
57.609679 50.970823 50.207889
57.893021 51.447299 54.049366
56.189930 50.463019 57.235452
57.321691 51.586943 60.742976
57.763230 51.598033 63.244613
56.014477 50.879995 66.119762
57.565605 51.790013 69.236580
56.062107 51.151918 71.688106
56.219609 51.301125 74.451992
57.834013 51.542116 78.102627
57.552233 50.670234 81.765698
56.350361 51.680210 84.339533
57.948545 51.316147 87.017722
57.291188 51.623161 90.725865
57.696656 50.361031 93.326174
57.532356 51.834968 96.139377
56.084775 51.138062 99.378553
59.472895 51.589740 3.611855
59.323167 50.263884 6.005409
60.805300 51.581585 9.115115
60.381425 50.370376 12.676822
60.687391 50.764933 14.312805
59.637581 50.957821 18.931060
60.509471 50.411806 20.371934
60.267847 50.465924 24.801886
60.915865 50.678731 26.759214
59.572787 51.747366 30.508855
59.402136 50.373106 32.500437
59.583383 50.100790 35.866388
60.188067 50.189336 38.445514
59.452202 50.176476 42.147398
59.576839 50.995664 44.093956
59.356115 51.080122 48.760916
59.722419 50.388151 51.740669
60.965351 51.237994 53.892967
60.667474 50.698894 56.318962
59.576030 50.745209 59.130902
60.314363 50.877385 63.941351
59.411420 51.411859 65.304337
60.448526 50.357490 68.378707
60.591900 50.950922 72.804516
60.338431 50.654920 74.124566
59.496863 50.140380 77.911081
60.593597 51.599510 81.536871
60.136965 50.255678 83.346375
59.407971 50.465276 87.602969
60.626941 51.571019 89.470017
59.959376 51.731590 93.680533
59.749327 51.725923 96.640468
60.729107 51.178462 98.339277
60.230031 53.256996 2.371485
59.971654 54.898648 5.562245
60.558429 54.619714 9.551463
59.771975 54.867525 11.557954
60.187397 53.387503 15.767939
60.546034 53.188200 17.793050
59.022685 53.841372 21.140330
60.936533 54.292996 24.192508
60.427366 54.799532 27.422027
60.376950 54.830878 29.590671
59.547450 53.600211 33.797099
59.587810 53.131117 36.274120
60.898299 53.566266 39.070239
60.706288 53.438573 41.568773
59.638087 53.357263 44.324790
60.310516 53.057296 47.877981
60.551211 54.246504 51.797121
59.172272 53.654109 53.558156
59.233102 53.800961 57.610124
60.556890 53.603799 60.729999
60.881272 53.791669 63.424215
60.326468 53.352282 66.688390
59.911380 54.795375 68.400396
59.217828 54.515071 72.350584
59.260707 54.548444 75.390710
60.107474 53.345938 78.748767
59.850276 54.724254 81.673081
59.742307 54.956883 83.865948
60.507830 53.213892 86.647660
59.104561 53.557066 90.044698
59.593710 53.108054 92.801604
60.378442 53.089406 96.166134
60.166584 53.161341 98.481443
59.532774 57.791515 2.606041
59.175900 57.558467 6.094731
60.439331 57.669031 9.599489
60.639252 56.338291 12.391789
60.562610 56.173799 14.970629
60.586749 56.658812 18.734382
60.898161 57.437167 21.046816
59.902289 57.700191 24.707237
59.111476 57.341790 26.693887
60.416467 56.255925 30.522405
59.206147 56.926068 32.396401
60.606328 56.473173 35.404333
59.556389 56.904704 39.891139
59.710414 56.377710 41.272748
59.295942 57.049118 45.708441
60.396382 57.425135 48.813721
59.295651 57.079330 51.705407
59.010732 57.137964 54.048111
60.978657 57.082367 56.811727
60.665152 56.516645 59.430842
59.365537 57.620580 63.460800
60.841748 57.149318 65.481189
59.351896 57.121816 68.248254
59.320221 57.160714 71.284409
60.888393 57.453055 74.925843
59.390753 56.308876 78.388800
60.204913 56.895320 81.973166
60.701751 57.568452 83.570574
59.831940 57.138186 87.976043
60.608186 56.207231 90.040331
59.093115 57.410477 93.095222
59.657800 56.845380 96.926818
59.398718 57.304487 99.738747
62.858891 57.614182 0.776446
63.591083 56.222336 3.214147
62.130509 57.488589 5.927428
63.396952 57.614142 8.317901
63.352684 56.078482 12.162537
63.574736 57.342035 14.256569
62.223709 57.576240 18.255577
62.403134 56.396624 21.528855
63.852279 56.933195 23.481196
63.988454 57.118555 27.094362
62.900315 57.978541 29.819664
63.854503 56.880170 33.505436
63.954112 57.177512 36.241163
63.693506 57.606703 38.611464
63.516202 56.429990 41.360763
62.572799 56.931710 44.098426
63.096621 56.256717 48.661963
63.464057 57.755429 51.462579
62.770553 57.910496 53.655979
63.549046 56.454599 57.633314
62.866991 56.228912 60.622681
62.841545 57.264800 63.951195
62.708339 56.044818 66.050607
63.650676 57.250564 69.716825
63.162659 57.321844 72.932716
63.717421 56.828046 75.675084
62.005112 56.940465 77.918426
63.533488 56.406103 80.397773
62.123231 57.387946 83.715793
63.367351 57.182406 86.087980
63.438114 57.656683 89.386140
63.866255 56.501696 93.036010
63.736747 57.676135 96.006717
63.636230 57.246524 99.731052
62.530777 59.403855 2.348509
63.662724 60.563068 6.493711
62.486798 60.456567 9.726753
62.429865 59.376101 11.465494
63.969097 60.245598 15.023070
62.907647 60.758839 18.644697
62.182342 59.425940 21.043477
63.627453 60.538148 23.437240
63.222726 59.534430 26.143473
62.517957 60.709142 30.514541
63.595895 60.646441 33.476470
62.853356 59.060687 35.689860
63.193776 60.690755 39.696641
63.534611 60.670921 42.513864
63.739575 60.671498 44.953964
62.399631 60.183159 48.778466
63.338448 60.767707 50.455868
62.061337 59.657658 53.958610
62.197263 59.894184 56.413131
63.688259 60.393280 59.390384
63.699187 60.702293 63.133871
63.259278 59.508077 66.831136
63.915062 59.738420 68.693019
63.524876 59.182696 72.237739
63.133440 60.580622 74.196837
62.352124 60.498829 77.424304
62.840622 59.198986 81.577040
62.034243 60.252579 84.059311
62.903859 59.508383 86.134512
62.005208 60.056318 90.084948
62.084232 60.347710 92.798837
62.969029 59.765126 96.971532
63.334411 59.057783 99.019891
63.504764 63.472570 2.277580
62.768296 62.875481 6.964784
63.641544 62.405180 8.515634
62.157653 63.387812 12.374236
62.300130 62.297011 15.126447
62.585304 63.745793 17.478637
62.711773 63.593719 20.248719
62.185326 63.330397 23.523403
62.883362 63.991888 27.050538
63.604871 62.282026 29.655553
63.942529 63.268486 32.801120
63.293603 62.208196 35.464422
63.498863 63.493517 39.712444
62.510497 63.695571 41.474103
63.664071 62.752575 45.705543
62.248018 63.011126 48.659089
62.721380 63.952344 51.124148
63.700676 62.442425 54.445155
62.568276 63.636302 57.639323
63.724162 63.667072 60.174941
62.156115 62.468407 62.927431
62.059594 63.113869 65.679577
63.585585 63.710574 69.390096
62.314367 63.727934 72.004290
63.950392 62.703588 75.094309
63.481649 62.297661 78.524150
62.454397 63.564868 81.619065
63.090785 63.732050 83.324826
62.354351 62.427337 87.505168
62.383604 63.709385 89.658197
62.795341 63.605750 92.231117
62.294494 63.192089 96.682175
63.366844 62.069719 99.001582
65.728054 62.766809 2.066369
65.383503 63.313310 5.277665
65.131021 62.638484 9.337908
66.226470 62.768849 11.053807
65.026161 63.124399 15.190167
65.595078 63.333283 18.851446
65.415984 63.467430 21.663653
66.623324 62.239804 23.816779
65.470438 63.371665 26.237485
65.762160 63.593701 29.231267
66.465803 62.543234 32.242113
65.630449 62.398666 35.291601
66.559264 63.540893 39.628218
65.359357 62.986412 41.232282
66.018318 62.933109 45.997592
65.409519 63.599504 47.459698
65.383509 63.382785 50.311949
66.755240 62.426967 53.681810
66.788262 62.483279 56.665870
65.925948 62.227676 60.630898
66.764532 62.940082 62.358206
66.310679 63.946845 66.083440
65.802968 62.020640 68.954914
65.041053 63.138163 72.247654
66.259341 63.057047 75.964099
65.454432 63.800007 78.249688
66.439271 62.764238 80.133134
66.868077 62.567316 83.756635
66.046694 63.515808 86.144569
65.832304 62.504991 89.147449
65.158940 62.533818 92.725605
66.675655 62.564916 95.404859
66.683122 63.211577 99.698985
66.479627 65.656937 0.807629
65.480697 65.407427 3.615777
66.510786 65.159540 5.819099
65.626753 66.538058 9.755764
65.857718 66.939427 12.311822
65.425286 65.437169 14.405926
65.653345 65.365699 17.308992
66.236510 66.927218 20.709604
65.139317 66.440140 24.255934
65.801872 65.071901 26.684758
65.701674 66.735283 30.608573
65.262179 65.537558 33.491698
66.695575 66.542677 36.470826
66.785683 66.604461 39.131638
65.457108 65.305032 42.471474
66.765463 65.747274 45.591774
66.665259 65.544009 48.591187
65.386323 65.768848 51.754963
66.354101 66.784152 54.509625
65.778120 65.068405 56.712076
66.867436 65.697874 59.604683
65.952530 65.956034 63.997905
65.286310 66.528109 65.539841
66.441399 65.372849 69.641754
66.164657 66.029890 71.014102
66.809533 65.429160 75.137102
66.736225 65.955803 78.675292
65.515205 66.582492 80.347561
65.391480 65.523693 84.634693
66.811439 66.543525 86.785180
66.254302 65.033420 90.032473
65.110301 65.608617 92.764937
65.792819 65.975623 96.977999
65.447100 66.494696 98.329495
65.125850 68.681492 0.366625
65.719390 69.156704 2.053057
65.061662 68.713539 6.193551
65.018845 69.009606 8.807016
65.562574 69.302771 11.153248
65.332755 69.028644 15.744287
66.054803 68.761193 17.030481
65.984843 68.023373 20.785595
65.281648 69.470316 23.487385
65.677128 68.261076 26.408608
65.434914 68.220210 30.269455
65.075384 69.339260 33.173170
65.551089 68.427107 35.314236
65.965086 68.014736 39.167438
65.285479 69.566394 42.410680
66.796090 68.636549 45.483884
65.752796 69.918277 48.309284
66.490947 68.358624 50.410417
66.160015 69.765376 53.376626
66.009460 68.861687 56.009657
66.303515 69.478706 59.176156
65.539121 68.736475 62.152566
66.430996 68.336906 65.387996
66.657270 68.261090 69.148353
66.282180 69.618052 72.733748
65.725498 69.933221 75.231834
65.784858 68.522562 78.851920
65.907663 69.156641 81.983330
66.438130 68.610444 83.189884
65.321259 69.340378 86.349267
65.988018 69.502981 89.135786
66.311827 69.790681 92.473135
65.184036 69.568550 96.104655
65.407661 68.509088 98.361142
69.598252 68.692082 3.739784
69.566865 69.076513 6.820250
69.710332 69.267878 9.650899
69.639171 68.256368 11.803856
68.982949 69.950817 14.690717
68.155258 69.174342 17.494020
68.574880 69.620720 21.658771
69.239155 68.739330 24.935337
69.736747 69.676167 26.998369
68.791258 68.086641 29.650427
68.154033 69.261011 33.464988
69.517604 68.144469 36.012378
68.560555 68.466305 39.722536
68.609653 68.280919 41.425063
69.049470 69.627470 44.222932
69.405075 69.454046 48.793572
68.495996 68.498688 50.296675
68.480388 68.588187 54.748608
68.409351 68.425652 57.566797
69.241131 68.266410 60.635376
68.203058 69.598085 63.084720
69.816823 68.444957 65.842751
69.667330 69.322603 69.671266
69.513285 69.713363 71.522871
68.516113 69.087596 74.129265
69.574293 68.986614 78.818541
68.946210 68.020612 81.194693
68.700243 68.460398 83.213250
68.250524 68.801335 87.631520
69.586073 69.369269 89.278780
68.326507 69.375370 93.636792
69.751042 68.421003 96.317329
68.013327 69.107398 99.122237
