33.900964 64.597725 3.236379
31.902133 65.972340 6.545370
32.482685 65.269753 7.545015
32.362221 64.210987 11.843375
32.722183 65.846902 15.536309
34.029925 65.296696 19.563219
33.249236 65.821520 21.418271
33.130177 66.332807 23.867140
33.169624 66.527644 26.168944
32.356260 66.816920 30.254888
32.488771 66.115608 33.651185
32.992667 66.080265 35.918729
33.545936 64.699095 38.747978
33.224394 66.164719 41.813387
32.673632 66.912535 43.868042
32.902834 66.543062 49.435744
31.876499 65.900708 49.738549
33.716383 66.852015 52.914797
32.476104 66.219560 56.456718
32.526585 65.595043 58.864343
32.373241 66.116226 63.026738
33.257853 66.519106 64.941937
32.195668 66.461081 68.431903
32.399018 67.375960 72.878715
34.325528 64.548548 75.073722
34.482265 64.788757 77.479105
33.211987 66.675373 81.553550
31.320746 66.522190 83.540310
34.364189 65.909121 86.958557
33.947739 65.337563 88.411780
33.754125 66.223186 93.371797
33.407918 64.429696 94.991736
31.512904 64.990518 98.347855
32.975120 68.437754 3.704307
31.940525 69.888728 7.270991
33.753485 70.392911 9.525972
32.619616 68.029337 11.463335
31.420295 68.463067 15.482312
32.751150 68.663584 18.876029
32.258065 69.634731 22.091595
32.163755 67.567009 25.103741
31.782297 67.921301 26.628981
32.247314 69.040978 29.843610
33.226240 69.660629 33.599764
31.279783 69.465082 35.510141
33.434071 69.373093 37.987834
34.519203 68.366940 41.326631
33.268741 68.764642 45.765035
34.133481 69.638452 48.636440
32.896013 70.943194 51.263119
34.361160 67.628139 54.468800
33.016039 68.454407 58.393449
34.413394 68.880043 60.846587
31.944202 69.483001 62.956874
32.193443 67.722387 65.049099
32.585249 68.611674 67.773659
32.969241 69.112783 72.056031
33.601917 68.449772 74.170268
33.369069 68.325436 77.196209
32.595951 69.104361 80.927819
31.253137 68.953954 84.942828
33.084144 69.131851 88.413400
34.444320 70.014541 89.597186
32.768558 69.931479 92.784838
33.067990 67.298965 95.625215
36.268404 58.874926 2.663516
35.533046 58.868883 5.728567
37.403316 59.585627 9.494176
37.377043 60.425112 12.110749
37.173921 61.372769 15.059002
37.215690 60.845001 16.995025
34.915079 61.529882 21.045872
36.757621 61.300491 23.370762
37.079953 59.428443 26.665085
36.085202 59.597260 29.778628
35.137182 60.029845 34.202051
36.306575 60.342293 35.513674
37.301154 59.126915 39.235238
36.969944 61.187688 42.841875
35.119999 60.381314 44.108829
35.759798 59.585376 48.455774
35.496962 60.140091 50.726103
35.973686 60.380388 54.862717
35.787191 59.270627 57.014502
35.133496 59.111114 59.164757
35.494248 58.530767 61.875077
34.263127 59.106409 66.165037
37.351187 59.510884 69.428583
34.855239 59.497728 71.863712
34.753395 59.160368 75.023158
37.783517 59.125338 78.073563
34.715260 59.525725 79.649528
37.426163 60.513125 83.958593
35.051356 59.279433 86.888952
37.414393 60.049786 90.478470
37.080166 58.754563 93.570466
35.872778 60.587690 96.372944
35.609593 61.451203 98.627297
35.191715 62.735697 1.922319
36.756913 64.017502 7.257629
35.044650 62.091665 10.007159
35.688286 62.690776 10.475584
34.931121 64.038318 14.095653
34.987968 64.079794 18.303822
35.865371 64.325982 20.867565
35.784035 64.243248 24.666183
36.765617 63.742726 28.067801
37.565182 63.922748 30.649133
36.010168 63.412430 31.965990
37.261347 63.190081 35.743934
36.576858 62.589509 39.271541
36.261003 62.261088 41.581194
35.405285 61.794262 44.210785
35.883531 61.790189 47.086319
36.239605 63.926366 52.322357
35.162887 63.442405 52.254408
35.680565 63.708370 56.045955
36.481104 64.901602 59.802296
36.188198 64.244994 63.932643
35.361574 62.404743 64.431787
35.799648 61.807664 70.068582
36.745450 64.394753 72.151074
37.633849 62.789050 75.146845
36.358459 63.341939 76.207627
37.238160 62.662064 81.008761
36.080153 63.615069 83.426822
37.682807 64.027199 86.807449
36.233789 64.299051 90.383499
35.604950 63.028164 93.351533
36.981421 64.329515 95.898223
35.971230 65.174246 4.147079
34.744822 65.524306 4.577832
35.059386 66.580954 8.486956
35.919693 64.740221 11.404184
35.794627 65.670048 13.302165
35.141163 66.395004 18.543965
35.997427 67.169916 19.397330
35.949139 65.969672 23.904858
36.756782 65.556208 25.861885
35.943766 66.397623 30.147582
35.914505 65.568762 33.191403
36.455273 64.852811 36.074579
34.566979 66.104265 40.088525
34.413245 66.348971 42.618784
36.056096 66.178359 44.712862
35.907934 67.677295 48.034848
35.707804 64.879598 52.023978
37.176951 66.136876 55.491903
36.865871 67.050444 56.139487
35.486376 66.490246 60.665430
36.117950 67.003292 62.851674
36.099495 66.967833 66.202838
35.824999 66.599264 68.885452
35.181265 65.230944 72.276580
35.295860 66.416574 74.714580
35.791245 65.712315 77.093007
36.584958 66.660628 81.460371
35.916882 64.857291 85.115235
36.169307 64.852014 85.740976
34.616990 66.012434 90.571694
36.441255 67.113817 92.932811
36.044695 66.645415 97.071072
36.361604 66.510938 97.594570
39.728894 55.703091 3.247422
40.509354 52.888810 5.411209
38.632013 55.301780 8.211226
39.231364 54.217206 12.113531
40.002656 53.971285 15.290463
40.623917 52.979672 18.142993
38.764964 54.530322 20.070437
39.932869 53.763308 22.544973
38.554725 54.681455 26.156904
38.607813 53.537419 30.409899
40.007790 53.669214 32.775659
40.151031 55.199886 35.073290
37.941858 54.265402 39.069313
40.225198 54.056707 42.621203
38.589069 55.228919 45.050876
39.330038 53.978601 48.329273
38.431828 52.489884 51.893660
39.964145 53.341284 54.126957
38.271480 54.797941 57.515449
38.906761 53.966107 59.703339
39.054766 53.793680 64.439416
39.393971 54.511199 64.357085
40.219491 53.397774 70.001262
39.605157 54.052532 73.086596
38.392555 52.706362 75.177321
40.279659 52.602713 78.026847
39.936274 53.863380 81.171368
39.224232 54.323790 82.963753
40.167191 54.428363 85.796929
39.920301 54.656887 89.613573
40.350693 54.932025 93.165526
38.911878 53.921255 95.987848
39.107732 54.180304 98.796459
40.591310 57.073108 2.136640
37.975173 55.580551 5.063438
40.127395 58.087729 7.936880
39.565912 55.467502 12.513873
39.551700 57.243846 15.730251
37.827621 57.161416 17.794674
39.442978 57.395515 20.798414
39.185237 58.543150 23.693787
39.131405 58.674986 26.768687
38.278380 58.139638 28.528684
39.955154 55.698164 32.118627
38.493108 57.511409 36.593054
39.047083 56.728431 39.311416
38.388491 58.467590 42.526039
38.298807 58.664826 44.921168
39.692340 57.205542 47.990008
40.293770 56.031218 49.907886
40.304308 56.332906 53.639114
39.152888 57.784349 55.659194
39.418964 56.693358 58.704173
39.859544 57.073960 61.337300
38.890772 56.587137 65.237436
40.399665 57.943405 69.111979
37.182714 56.925231 72.302506
38.748423 58.384828 74.248287
38.536371 56.872147 77.440171
37.539092 56.917701 81.042495
39.468318 56.681658 85.242443
39.642064 57.278418 87.277594
39.641965 56.926985 90.207276
40.363416 57.335856 91.924662
40.277364 57.616815 96.581467
38.621640 56.576425 97.715398
38.983942 59.639310 2.690822
38.800533 61.798265 6.678180
38.959573 60.000222 10.298235
39.353811 59.028063 12.586015
40.577541 60.422108 15.264382
38.628492 58.760402 16.750272
39.757325 59.898721 20.350051
37.617938 59.425122 24.272024
39.378043 59.557908 26.505958
38.739513 59.933663 29.681947
39.179051 61.603993 32.834003
39.013251 60.500765 35.057911
40.112360 59.454209 39.379791
37.606661 60.067778 42.927722
39.244341 60.488238 45.059228
40.426605 59.629478 47.421400
39.108579 60.304663 51.620564
38.099809 60.822467 53.818255
37.780336 59.483907 56.197210
37.692154 61.261011 60.681640
38.007656 60.237522 61.472127
39.258422 59.193128 66.571198
39.552993 59.118495 67.300545
40.259356 60.207583 72.341941
40.044033 60.262636 76.198828
40.096384 59.698008 77.729162
38.522901 58.736911 80.486547
39.282775 60.121167 84.064609
39.482901 58.467326 88.007677
39.295294 59.683555 89.202838
38.860791 58.778060 92.702654
40.232829 59.257569 96.290152
37.695110 60.866157 97.827174
41.921975 47.857087 2.902865
43.174028 47.804866 5.736952
42.132541 46.761584 8.857454
42.199986 46.646106 11.733385
42.577241 47.963255 15.374200
42.347722 49.204211 16.815013
41.553128 48.880173 21.845677
41.715428 47.846194 23.001930
41.048652 47.692300 26.087436
41.947682 48.220856 28.742327
41.304438 48.621762 34.626230
42.112525 48.611889 36.511516
43.055930 48.157745 37.550519
40.595940 47.547869 42.059795
42.372439 46.522529 45.242802
41.853847 47.643881 47.132988
41.425391 49.068833 52.297360
43.023641 47.710077 52.949850
42.679459 48.982689 57.316541
42.372546 49.293612 58.676671
40.876253 46.752051 63.009114
43.125049 48.085994 64.797383
42.634445 47.422189 69.506041
42.220999 48.016004 71.802853
42.358201 48.863659 73.678353
42.837477 46.441487 77.285233
41.964977 47.954685 80.966953
41.489845 48.929214 83.793140
43.332226 47.736524 86.846640
40.829962 48.985642 89.222193
40.924788 47.384621 91.565614
42.637221 47.796226 94.176265
41.373094 51.270065 3.299126
40.294028 51.467813 6.635662
40.831148 51.076038 9.154754
42.027083 51.576237 12.108257
43.057634 52.086540 14.930505
41.646995 52.191702 18.879833
43.275152 52.228978 21.416722
42.300726 52.019665 23.871349
41.917365 51.771292 27.780634
42.224504 51.503324 28.639017
40.646092 51.776934 33.966012
42.818525 50.632453 34.569119
41.754722 50.109266 40.044481
40.713067 50.624179 41.110929
41.718298 51.283078 43.496844
42.008511 50.328875 48.006115
41.915321 50.522556 52.128523
41.728157 50.527131 55.630122
42.931350 50.412213 57.495815
41.193859 50.789316 60.800705
41.118016 51.359528 61.385715
40.930714 50.130758 65.620061
42.269777 50.669038 68.668910
42.554244 52.197708 72.051565
40.721425 50.355421 73.676288
42.053343 50.772479 78.705772
40.773149 50.839331 80.038575
41.862426 51.086833 83.324929
42.430430 49.953683 87.193638
42.396747 52.055186 89.362599
41.663591 50.138377 92.803741
40.712192 50.672699 96.039169
42.552757 54.338267 2.686701
41.488739 53.735056 4.963684
40.775417 54.623775 9.854808
43.011088 54.519272 10.928803
41.403849 52.408093 14.205129
43.569267 53.321801 16.995375
40.968165 53.932977 22.238788
41.684343 53.452818 25.498677
42.429222 53.102654 26.992391
42.933741 53.827392 28.650308
43.531376 54.496790 33.421536
41.160687 54.656045 35.912185
41.625376 52.766404 38.227252
41.627467 55.829886 41.515667
41.135998 53.551479 45.040085
42.332366 53.267313 48.354166
42.127488 53.237802 51.391618
41.917030 54.332424 53.996568
41.998131 53.954639 57.473126
41.606717 54.306292 58.759953
41.368571 53.397812 63.421094
41.968710 55.023662 66.861630
41.111586 53.897609 68.744359
42.432362 54.714366 70.447845
41.167891 55.666433 75.186582
41.875166 54.260259 77.886205
42.001995 55.155065 81.869077
41.177497 53.896967 84.040945
40.633366 53.458180 86.267546
40.618154 53.476051 91.076849
41.591091 52.614208 91.926354
42.110340 54.397002 97.038586
44.602619 42.200970 1.839190
44.844524 41.579485 2.559532
43.319612 41.634357 6.238269
44.851531 40.660235 8.592687
43.521593 42.082802 11.131921
45.577565 40.344679 15.108510
44.195543 41.975365 17.069795
44.925791 42.079416 20.517770
43.993565 41.594331 23.981323
45.503330 40.576614 26.011180
44.558166 41.457189 29.947539
45.324423 43.407451 32.536537
45.232224 42.841849 35.956945
44.263453 43.200718 39.579207
46.644651 41.639665 41.485787
45.337394 42.470960 45.600969
44.831747 42.308271 47.852806
45.917665 41.517460 51.495724
44.929834 42.122785 53.778780
44.005900 41.668373 57.251093
44.430399 40.656929 59.800532
44.954503 43.426167 62.446624
44.661666 41.976687 66.254015
44.591244 40.820452 69.219554
45.536350 41.072301 73.066277
43.621393 42.422201 75.442396
45.225886 42.761068 76.460187
44.865868 42.271170 80.612394
44.214098 42.494035 83.415238
44.366500 40.302708 86.478055
46.680940 41.728708 89.424420
44.912183 42.500608 91.728407
45.299450 41.304485 96.035293
45.095003 42.090865 98.753328
43.548040 46.284874 2.858431
44.437116 45.748863 7.244422
45.225353 44.741874 7.688133
45.986626 46.501404 11.374547
45.596759 43.677692 14.986112
44.087976 43.872841 18.331302
46.620041 45.467445 21.412150
45.500740 44.462644 24.055143
46.799056 44.670258 27.649842
45.509086 44.683955 29.657418
45.361585 45.736487 32.765370
44.433870 44.236501 37.539056
43.962533 43.920314 39.470830
45.987452 46.234513 42.784663
46.336148 44.935523 45.495854
46.467525 45.564446 48.159290
45.167651 46.784977 51.545729
45.478505 43.744231 54.520179
45.487048 44.245360 57.274394
44.911188 46.218085 59.224874
45.375439 44.416597 63.287593
43.522955 44.920886 64.751025
45.305660 44.568925 70.041838
44.793356 44.699059 71.373810
45.770372 44.779925 74.755947
46.324509 44.922827 79.242593
45.572332 44.795237 82.292698
45.105503 44.789389 84.679090
44.580922 45.568697 88.560327
44.603000 45.261742 89.490550
46.009475 45.579431 92.655058
44.438420 43.556483 94.969754
46.271893 49.318826 3.195455
44.866603 48.821763 5.960475
45.326650 48.810370 7.635188
44.506152 49.070070 13.613013
44.837293 46.730746 16.260639
46.343621 47.947271 18.007963
44.900431 46.863842 20.741961
44.261654 48.372379 24.546613
44.850973 49.828112 26.657491
45.207530 48.449232 30.049305
44.688783 48.085687 33.823753
46.171020 48.629066 36.067448
45.417832 47.486625 39.170099
44.644971 48.083084 41.500544
44.028349 46.753952 46.003528
45.320099 46.198293 48.346051
44.812165 48.033595 52.420212
46.523818 47.888208 54.013584
44.964248 48.252443 58.130603
44.810745 48.623900 59.660011
45.410479 48.300603 63.802050
44.946713 49.542304 65.801402
45.523676 47.282760 68.371664
45.030639 46.197203 72.625644
43.919215 49.318889 75.390809
45.207095 47.211243 77.039279
45.276382 47.442626 79.358634
43.719519 48.667983 84.984799
43.843933 46.740483 87.494581
44.988526 47.986944 90.127068
46.050589 49.617187 93.339609
44.745877 47.730074 95.131834
47.648636 36.050175 2.985123
47.859664 36.916949 6.383777
47.070605 36.286467 8.153381
47.496590 36.042775 12.140307
47.964739 35.866267 13.366275
47.765452 34.681655 18.747117
47.703873 35.570803 22.070884
48.473687 35.029653 22.856174
46.744132 36.401923 26.886675
46.989039 36.213884 29.664707
47.796825 35.871016 33.149638
49.121110 37.157649 35.086472
46.394619 36.836911 38.648896
48.048508 36.092793 42.005493
48.011364 35.883782 45.091914
47.148381 35.717641 49.040436
47.430271 36.154637 50.644466
47.378437 35.968798 54.801849
47.643786 34.966845 55.456273
47.890117 37.224355 58.859590
48.275939 35.660781 61.604631
49.194673 36.933552 65.795986
47.031424 35.695489 67.700263
47.146095 36.192439 71.333277
49.553546 35.565018 75.505735
47.995984 36.211179 78.020237
47.043103 36.962482 81.377940
48.437598 35.382788 84.106208
48.124681 35.871137 87.009518
47.973417 36.081498 90.707580
49.170930 35.640091 94.303562
48.216420 36.137855 95.260248
49.463234 36.832939 98.135979
47.551842 39.037107 3.559878
48.052123 38.489045 7.442157
47.840738 39.221869 9.154269
48.017377 39.350169 12.048690
49.319418 39.582307 15.494245
47.270767 38.077416 19.374268
48.114116 40.732050 20.861861
49.238466 37.745321 23.991856
46.777914 39.346436 26.577116
48.155701 39.279424 30.854055
48.466205 39.492528 31.523868
46.243870 38.265973 35.715571
48.267081 38.286503 37.357340
48.829162 38.137737 40.761263
47.287750 37.667591 45.603423
47.728291 38.684410 49.673901
47.045982 38.285030 51.858743
46.939785 39.111691 52.952217
47.153557 38.499713 56.587762
48.775702 39.683333 59.736991
47.646854 40.291735 63.066637
47.501641 38.094534 66.135165
48.061810 37.888197 69.184958
48.622135 39.707138 71.768191
48.796594 40.791116 75.118219
46.953326 38.146719 77.172922
48.826036 38.306474 82.222800
49.064305 37.740980 84.578753
48.987130 39.697176 86.745836
47.905528 40.097084 89.034733
46.506181 37.995459 93.434752
48.158089 39.973757 95.904578
47.366831 39.991870 98.415564
47.098992 42.124602 1.811641
47.011362 42.986720 6.310708
48.210844 40.678363 8.920897
47.093905 42.575423 12.194429
47.341622 41.084403 15.466828
46.868850 43.142588 19.147698
49.169221 41.874593 21.694024
49.145255 42.338058 23.414486
47.008237 42.068628 27.112681
46.633833 41.931495 31.044828
47.368367 42.884054 32.303187
47.524648 41.700070 35.556122
48.411884 43.180591 38.637019
47.950887 42.389546 42.131025
48.216496 42.317882 45.875711
47.880448 41.395659 47.002429
48.821976 42.480904 50.495987
48.039721 42.822825 53.863930
49.172269 42.794644 57.999098
48.096580 41.146262 61.688691
49.298469 41.369692 62.568079
47.062323 43.174321 66.555727
49.686870 41.108379 68.716218
48.393476 40.844104 73.014259
48.243481 41.916392 74.603511
47.679599 42.904108 77.398929
48.777559 40.413710 81.483831
47.015119 41.347673 82.603772
48.775116 43.219156 85.707346
47.194735 42.136982 91.371198
49.234384 43.309641 92.799020
49.252882 42.153307 96.095036
47.705330 43.097131 98.232562
51.737020 33.028170 4.257460
51.328246 34.257269 5.860199
50.212553 34.076120 7.904356
50.364374 34.571877 12.776392
50.646782 32.784692 16.644488
50.905544 33.384305 19.547060
51.973279 33.588064 21.102501
51.032651 33.056212 24.092795
49.702098 33.841095 27.282306
49.313662 33.676470 30.608919
50.605237 32.917630 33.023310
51.961740 33.212888 37.314101
52.342866 34.168693 38.649500
49.737711 33.429593 41.894657
52.013651 31.537962 44.774779
50.881395 31.353964 48.384441
52.481652 33.928589 50.501028
51.600569 34.568740 54.429986
52.401175 34.055454 56.956049
51.410589 34.342297 58.759348
52.135698 31.768198 63.763847
52.120586 34.500811 66.354908
50.692146 32.238310 69.036511
51.031554 33.568702 71.448108
51.083148 31.749954 75.180158
52.094323 33.970400 77.951445
51.404987 33.083820 79.607213
51.568221 32.647143 82.817811
51.459231 34.347671 87.961405
50.339236 31.596399 91.095063
49.404061 32.964132 92.249571
50.287546 32.681554 96.898112
50.050173 34.693302 2.814156
50.160156 37.214090 6.502927
49.720171 37.243176 9.899420
51.103205 36.539636 13.018989
52.217620 36.048488 14.934337
52.633138 35.148811 18.233244
51.432359 35.642098 19.623574
49.810371 34.639597 24.605560
52.213469 35.787729 27.835574
49.456844 36.720011 29.017537
50.439319 36.237193 32.335882
51.019755 34.527279 36.381400
52.181526 34.543836 39.512316
51.771761 36.387478 41.658654
50.950698 34.216756 45.221699
51.148895 34.600314 47.623989
50.217278 36.355266 51.437732
49.910465 35.058670 55.327126
51.891812 35.860467 57.730375
52.043277 36.912888 61.261896
50.007261 37.405103 63.011523
51.601360 35.258378 67.028582
50.828336 35.892957 69.934046
49.720179 37.287459 72.483772
52.569007 35.471804 74.450823
51.521321 35.842853 79.018507
51.144597 36.182905 81.124467
49.481190 36.162766 83.001389
50.677555 35.353122 87.943640
50.772698 37.450173 89.820253
50.105183 35.404534 93.356367
50.790379 36.901045 94.766589
50.890820 35.859375 98.852238
52.185326 40.048271 2.916200
51.278666 39.002901 6.101305
51.373022 37.866679 9.858625
51.252568 37.791339 11.253675
51.236013 37.430816 15.490106
50.024034 39.397433 17.831468
49.921548 39.012749 21.037983
51.361017 39.259145 24.200729
49.759860 40.279623 27.655171
51.168188 38.932405 30.003069
51.017204 38.123555 32.418666
50.914372 39.353199 36.870538
50.222436 37.720083 39.554888
49.721853 39.649258 41.568151
52.185841 39.993372 45.280432
51.508381 40.084396 47.861090
51.181028 37.838929 51.117240
50.774054 37.383574 54.366492
49.382113 39.508394 57.108461
49.526915 38.545020 60.490044
52.062628 40.387732 62.094142
49.892892 38.803841 66.108630
50.503228 39.428094 68.314680
51.188303 39.173712 73.077727
49.708303 37.490873 74.921575
50.382009 38.713714 77.246103
51.147511 39.641684 82.263949
50.002188 38.025982 83.823287
50.974764 38.513704 87.469070
52.121646 39.735114 89.231299
50.704110 38.401694 93.777998
50.994163 38.242071 96.225941
53.213692 38.546329 3.208530
55.414765 38.456912 5.270554
53.997704 39.355342 10.302652
55.227779 39.216252 10.902681
53.706048 39.637098 16.434700
54.677831 40.514911 17.854897
54.955804 40.221746 20.550449
54.401888 38.686411 24.101072
52.294099 38.878744 27.961503
54.673259 39.288883 28.480788
53.001971 37.459121 32.255609
53.947416 37.943625 37.196068
53.679204 39.106086 39.522835
54.223778 38.405954 41.427288
55.412709 38.880253 44.121684
53.634683 40.290035 47.131187
53.449706 39.599003 49.412091
54.186668 39.821481 52.806306
54.038507 38.678448 55.954115
54.819881 40.001635 60.300096
53.622658 39.240829 62.338058
55.160549 37.654376 65.807549
53.861684 38.785153 68.687061
52.592730 39.581447 71.430430
52.483964 38.764095 73.857714
54.290218 37.861202 78.556684
54.933056 39.725807 81.057291
55.063828 40.153824 84.706598
53.132733 38.730082 86.180020
55.345492 37.628582 90.452380
54.588926 39.618241 93.411541
52.273702 38.597940 96.911681
54.576079 37.827122 98.149942
53.062029 41.686982 1.579478
53.708395 41.418410 1.867856
53.717113 42.569051 7.518036
54.086463 40.719708 8.623911
54.960622 42.304973 11.904294
53.407635 43.668294 15.842849
54.754746 41.524041 17.780679
54.337377 42.021804 20.533467
53.853203 40.690982 25.033782
53.789924 41.890721 27.544742
54.017983 42.651555 29.756303
53.361798 42.335523 32.945786
53.480851 40.905961 34.653988
53.168398 41.378015 40.593246
53.846256 41.731994 41.218299
54.266618 42.336481 44.842683
54.808965 41.655578 47.240720
53.252851 41.157937 51.277456
54.784114 41.606068 54.531815
53.953379 41.288832 56.834275
54.188847 41.669235 59.338877
53.924871 42.930518 61.910011
52.215711 41.582063 66.266819
53.353498 42.703458 68.832621
54.546516 43.075870 71.081596
54.995871 41.345895 75.227272
55.306178 43.034839 78.962355
53.846909 42.053394 80.644130
53.333379 41.363273 84.801984
53.853299 41.284151 86.283493
55.178053 42.116727 88.937454
53.864940 42.396783 92.217633
54.998049 42.247947 95.294071
52.618226 41.179032 98.551250
53.790968 45.699452 1.342162
55.443163 45.218166 2.763161
54.393525 44.727358 7.094587
54.216292 44.818191 9.052710
55.003247 44.711561 11.166774
53.184997 44.237095 15.373196
55.023377 46.587245 18.647710
54.602378 44.278628 21.163244
54.145787 44.821678 25.356689
53.141037 45.805588 25.483866
54.072641 45.190177 30.317483
53.773208 44.759891 33.966719
53.560987 45.977249 37.236856
52.656834 46.228503 38.204092
53.366511 44.859601 41.840645
53.588544 46.081817 45.899421
55.616234 45.493393 48.585602
53.626875 44.476803 52.875529
53.863157 45.159196 54.175863
53.449610 44.045029 57.195353
52.838334 44.011453 58.750865
53.811180 44.952039 63.715825
54.251786 43.592052 65.384026
53.071143 46.678024 68.577212
53.031287 46.603679 71.467053
55.255140 44.101673 75.929316
52.420911 45.714648 78.210626
54.173783 44.616622 79.279479
54.200044 46.311965 84.235233
54.215398 44.807939 86.765288
54.256468 44.920500 88.932126
54.805644 43.958226 91.854316
54.380506 46.452486 95.069967
57.140651 44.788629 1.983246
58.603343 43.944934 5.938594
56.621317 44.445887 9.375359
56.729692 43.988253 12.218665
56.018078 44.995497 16.648112
57.119870 44.200428 18.146329
57.288063 45.777596 19.195570
57.176262 44.775804 24.030555
57.314954 45.134674 27.104362
57.057426 45.567472 31.248141
58.137826 44.597609 32.056674
57.003729 44.455861 36.608111
57.229094 45.337396 39.505923
55.987436 43.946764 42.573746
56.830374 46.116591 45.645241
57.510133 46.915122 48.166535
55.856468 44.088149 52.224912
57.194724 45.070716 52.857087
56.646327 44.559074 56.958268
56.379840 44.214877 59.632623
57.126314 44.917923 63.892291
56.624407 45.208474 67.545168
57.352557 43.643431 68.506321
55.742671 45.409514 71.924116
56.901315 45.074211 74.809912
57.161771 46.260955 77.918731
55.615983 44.912131 80.620388
57.478007 45.347211 85.262459
55.203248 45.720119 86.696675
57.855104 44.363013 91.322925
58.365722 43.875673 93.922365
57.246019 46.275270 95.624832
56.944630 49.081588 1.104729
56.922767 46.870150 3.828886
56.882473 47.464219 6.938180
57.636627 48.881941 9.417009
56.923425 46.835637 11.618221
56.029094 48.402167 16.331331
56.309896 48.263197 18.095207
56.365650 46.902198 20.313424
57.776113 47.455109 25.610874
57.157621 49.467242 28.246283
57.085517 46.992910 29.253646
56.959904 46.766541 34.008116
56.930893 47.952832 35.279867
56.393687 49.600402 38.826246
57.714381 46.412438 41.810191
56.438846 48.354279 45.715653
58.337971 47.812170 48.755535
56.222465 46.689533 50.309908
57.954465 48.746061 52.910127
57.437841 47.725059 55.569390
56.817072 47.367989 59.423913
58.326929 47.221163 62.224484
58.168346 49.492183 66.533325
57.740971 46.433844 68.431878
57.932612 47.002245 72.310899
58.352918 47.934470 74.762014
56.350457 48.604386 76.726657
56.510268 48.368889 81.731898
56.896207 47.203392 83.743044
55.667250 46.801898 86.857041
56.377709 49.324455 89.067600
56.013833 46.734927 92.552288
56.988699 46.973149 94.992022
55.940649 50.698381 3.171142
55.918520 49.883201 4.803944
57.903426 50.884408 8.412461
55.916269 51.267303 13.231682
56.328447 51.741988 14.087556
56.719428 51.009951 17.699205
57.498450 50.646848 20.901939
56.925920 52.764840 24.370094
57.071595 52.450745 26.827840
57.639856 52.148758 30.132518
56.837873 51.038300 34.242156
57.935430 50.888988 35.736727
57.188416 50.874982 39.869329
56.029148 50.901794 41.562242
57.342055 49.419108 44.962904
56.410228 51.866969 48.232872
56.618390 51.064384 50.115191
57.998512 51.705767 55.009608
55.538262 51.176872 57.491855
56.511496 51.771730 60.186705
58.165180 51.273824 62.388270
55.043908 50.852794 65.880478
56.815703 51.329067 69.711106
56.709796 51.393818 70.965622
57.123882 51.595032 74.142301
57.893849 51.477662 77.106502
57.796582 49.749446 81.461654
57.086027 52.332042 84.523681
58.576392 51.805158 87.623260
58.048860 51.830259 91.344770
57.036494 51.092009 93.153377
56.686026 52.366089 96.098932
60.145962 50.952577 3.987358
58.573469 49.691546 6.337649
60.194350 52.365955 9.007863
61.111997 50.030138 12.084789
60.226991 50.279381 15.055954
60.321938 50.244773 18.778686
60.760611 50.661286 19.436687
60.736454 50.437341 23.918941
60.342079 50.129464 27.366730
59.158160 52.445970 29.925728
59.764591 51.141750 33.027517
59.524096 50.075783 34.868460
60.150667 49.829827 39.377906
59.797693 50.977706 41.658862
59.949617 50.662178 43.228032
59.120612 51.878160 48.206233
59.943925 49.413835 51.781206
61.822291 51.539255 53.474761
61.311539 50.080067 55.869258
59.786688 50.006563 59.771235
60.902415 51.305857 64.627359
60.080817 50.981674 65.910018
59.821874 50.010223 69.076356
60.917044 50.253018 72.166384
60.480085 51.408653 74.766299
59.651967 50.926686 78.509133
60.207027 52.137103 82.286243
59.613815 50.686192 84.081883
58.972116 50.013913 88.381623
61.516234 51.606372 89.014047
60.081495 50.960291 93.055886
59.616510 51.818254 95.653638
60.512438 50.332572 97.851913
59.605898 53.914102 2.794179
60.419757 55.731464 5.237251
59.932287 55.370190 9.762963
60.743754 54.706638 11.385440
59.459759 53.563239 16.431007
59.807602 53.804967 18.065662
58.308556 54.443924 21.496633
60.656135 54.416505 25.144413
59.781348 55.202194 26.773549
61.167050 54.224511 29.680457
58.732830 54.036563 33.415010
59.573690 52.455435 35.537061
60.147072 54.213148 38.939083
61.210052 52.840039 40.945894
59.569379 54.219309 44.826941
59.542536 53.339457 48.452951
60.338661 53.707417 52.612110
59.517351 53.386159 54.457669
58.256791 53.599046 57.532364
59.974123 53.977432 60.008347
60.941324 54.405511 64.211357
59.709441 53.886110 66.110198
60.230759 54.432081 69.275618
58.703122 54.664880 71.506406
59.661879 55.450676 75.548944
60.831800 53.092554 78.107559
60.753758 55.113900 81.851681
60.364792 54.174855 83.835213
59.990949 53.773462 85.999805
59.847234 52.887711 90.064730
60.511135 53.492257 92.905141
60.169011 52.164318 95.849353
59.634516 52.552072 97.893485
59.139582 57.067546 3.172847
58.266929 57.856619 5.803393
61.172413 56.989074 9.583683
61.121357 55.484073 12.586433
60.972326 57.018058 14.625144
61.273707 57.230411 18.285646
61.746379 57.868441 20.739360
59.252975 58.200521 24.134471
58.416373 57.766252 26.113659
60.979025 57.044828 30.275100
59.817428 56.756092 31.623456
61.172093 57.217193 35.048883
58.826313 57.218561 40.498166
59.422734 57.241809 40.859744
60.134253 56.678316 46.108116
59.768584 58.030496 48.324427
59.963465 56.439368 52.085503
59.460957 57.864351 54.567397
61.908409 57.174448 57.168212
61.468264 56.725148 58.872687
58.606558 58.023307 63.972427
60.337313 57.715397 66.133186
58.451376 57.318041 67.860234
58.585121 57.207367 70.608057
60.580408 56.782601 74.250834
59.078302 56.397645 79.334578
59.507176 56.226930 82.230886
60.426233 56.772531 84.109645
60.513976 56.539262 88.395707
61.279541 55.984257 90.747130
58.245375 56.893755 93.214957
58.987115 56.513804 96.263314
62.376170 58.306876 1.312314
64.264093 55.876322 3.867853
61.623474 56.869685 6.527321
63.655229 57.972767 7.420861
63.217691 56.867538 12.761843
64.208580 56.650692 13.909744
62.982238 57.758777 18.881127
63.017209 57.068010 21.113943
63.351840 56.153142 23.105592
63.514986 57.669632 27.781489
62.322973 58.587063 29.275260
63.596001 56.294568 32.737161
64.624924 57.881915 36.473170
63.279534 56.809810 39.051451
64.154245 56.773499 42.049894
62.050822 56.410950 44.773962
63.777289 55.578437 48.385147
62.812332 58.203898 52.074241
61.917800 57.814972 53.142475
64.164673 56.929713 57.004609
63.755027 55.902296 60.946275
62.465002 57.111659 63.037542
63.366676 56.646269 65.598005
63.067966 57.699515 69.039410
62.651238 57.924177 72.319819
63.908142 56.356104 74.814331
61.797608 56.003373 77.637711
63.245668 57.061721 79.699687
62.330349 57.826742 84.590185
63.487358 58.018672 85.552950
64.111166 57.921698 88.695657
63.611790 57.456420 93.190120
62.881282 58.014893 95.615025
63.184999 58.981714 2.976036
64.284133 59.898260 6.908296
61.917284 59.756904 9.295330
62.553337 60.042428 12.200861
64.096028 59.452236 14.427700
62.278671 60.879186 19.412749
63.109678 59.513205 21.407390
63.807933 60.154157 22.531714
63.547164 58.774794 25.579831
63.335724 60.135588 30.466639
63.135458 59.760225 33.527642
62.308887 59.500565 34.975674
63.880334 61.279776 39.270386
64.122306 60.147685 43.130985
64.176305 61.304020 45.593638
61.554174 60.572911 49.143564
63.863685 61.458180 49.958502
61.655385 59.644494 54.872409
61.631091 59.108774 56.162971
63.084767 60.891736 60.012750
64.193674 61.376438 62.585226
62.648101 59.231587 67.572766
64.301795 60.107542 67.847923
63.945442 58.569699 71.568891
63.800016 61.299364 73.999130
62.667266 60.004072 78.234181
61.878070 59.368329 81.365341
62.655851 60.331277 83.279946
62.272937 59.250877 86.866378
61.916532 59.109435 89.775838
62.737146 59.590828 92.769994
62.645295 60.534511 97.522207
62.851475 59.287777 98.174980
62.891226 63.101950 1.580292
63.179895 62.628818 7.842135
64.511066 62.831143 8.765606
62.241430 64.007308 11.593720
61.732858 62.623162 15.882640
62.007110 64.541486 17.298180
62.152441 63.006492 20.833793
62.247022 63.080372 22.557131
63.643969 64.575281 26.765708
64.338998 62.574406 29.042714
64.624176 63.820170 33.281747
62.617619 62.825593 35.062096
62.741405 64.131249 39.572603
62.954317 64.249487 42.178518
63.191428 62.144362 45.067823
62.916906 62.411181 49.098013
62.948215 64.640814 50.435269
64.357810 62.261939 55.177002
61.687303 63.690192 58.109412
64.020972 64.518803 60.606748
61.743142 63.061088 63.618938
61.735483 62.195797 65.907822
63.800329 64.680723 69.502775
62.972782 63.012257 72.237303
63.776367 63.590609 75.521987
63.975207 63.103491 78.851316
61.628964 63.564793 82.183565
63.864383 64.080177 82.795341
62.144234 63.171875 86.871517
61.507782 63.287388 89.423986
62.850286 63.760982 93.217466
62.963162 63.065755 97.414925
64.151586 61.453975 98.930601
65.210798 63.608794 1.913044
66.239907 63.814101 5.152044
65.825689 62.019021 9.703562
66.016758 62.916747 10.087294
65.029072 62.761870 16.122134
66.307745 63.961937 19.162734
66.223978 63.963600 21.981396
66.623059 61.833415 22.903079
66.215415 62.856883 26.661759
65.766480 62.679254 29.635949
67.039559 61.728129 32.322161
65.113743 63.122088 34.833699
67.083559 64.383188 39.753337
64.395350 62.768726 41.079624
65.190100 62.422389 46.228283
64.876395 64.438756 47.352759
64.786005 62.893739 50.947419
67.133434 62.490870 54.605328
67.372105 61.690086 56.838995
65.468621 61.461231 61.081912
66.157676 62.709100 61.597697
65.675742 64.062494 65.319582
65.484959 62.173918 68.019298
65.733648 63.449934 72.898124
66.644083 62.412652 75.303245
66.307226 64.168705 78.619558
65.922206 61.913924 80.231157
66.588895 61.614499 83.637479
65.963596 64.294087 86.766965
66.429660 62.817284 88.408775
64.391331 62.063496 93.161006
66.485796 62.967287 94.509286
66.221901 65.167757 4.242814
66.320976 65.934171 5.215842
65.560280 67.527768 9.629052
65.691687 67.685644 11.667157
65.813859 65.565757 13.493525
65.775982 66.125780 16.670841
65.662023 67.373716 20.023598
64.936666 65.491902 24.500427
66.315888 65.493848 25.937932
64.889481 66.733747 30.025185
65.759196 64.772097 33.900409
66.572625 67.451964 36.868420
66.914101 67.308227 39.830367
65.080210 64.597047 41.874226
66.366514 66.259470 44.831185
65.975333 66.265422 48.531470
66.072140 66.469276 51.952590
66.573554 67.637868 54.037387
65.430853 64.132488 56.653219
67.048335 66.287711 60.391683
65.285358 66.032567 63.256943
65.971378 66.979427 66.111675
66.490278 66.086456 68.942915
66.777053 66.669757 71.478368
66.011728 65.938659 74.814741
66.796575 64.999681 78.388606
66.023258 65.827379 79.933211
66.192646 65.285116 84.085863
67.062772 66.644392 85.822549
65.798649 64.888708 89.154157
65.641776 65.052918 92.125615
66.595268 66.487054 96.670566
65.899597 65.970216 97.608269
65.856470 68.209172 1.764278
65.552318 69.444466 5.719206
64.572048 69.689356 8.225370
64.804711 69.909852 11.392197
66.020283 68.558911 15.190521
65.550566 68.122856 17.612092
66.027545 67.589204 19.885776
64.578146 70.048224 23.073735
65.010956 68.349360 25.668054
66.147634 67.540568 30.095916
64.739261 69.118055 34.088642
66.219944 67.722671 35.551729
66.580712 67.304123 38.826798
64.811720 70.261711 42.951130
66.263750 68.720222 46.326269
65.689366 69.315669 47.513772
66.976406 68.574729 49.563288
66.772107 69.215595 52.808221
65.839041 68.003153 55.526048
65.527695 69.265115 58.582453
65.490204 67.939313 62.754346
66.171600 67.371238 65.402088
66.366989 67.421696 69.607867
66.710375 69.939156 73.578462
65.139637 70.095895 76.025751
65.501898 67.579468 78.677259
65.687982 68.368104 81.408918
66.751741 67.990181 83.908857
65.381724 69.938744 87.148205
65.354712 69.356792 89.895755
66.339818 69.264184 91.623419
65.230297 68.592103 96.315391
65.522711 67.703128 97.780460
70.295647 68.832277 3.036944
69.082702 68.667612 7.593804
70.315788 68.495089 9.841214
70.274846 68.712993 11.181433
68.689418 69.056612 15.028705
67.559190 69.966237 17.361333
68.166223 69.148371 22.439724
70.051191 69.039124 24.434617
69.054284 70.103440 26.405340
69.101335 68.924779 29.201677
68.394729 70.210229 33.262379
69.896823 68.853225 35.417518
68.912754 67.550141 39.531223
69.230458 67.599494 41.812698
69.663577 69.420391 44.984504
69.594561 69.012493 47.916573
68.073511 67.705264 49.858513
67.545502 68.870249 54.533136
67.930097 68.535284 58.437599
69.706742 69.026961 60.182861
68.491008 69.947152 62.192959
69.388871 69.333471 66.008278
70.298327 68.595622 69.942084
69.778329 70.421608 70.868547
68.125333 68.946403 75.038856
69.051628 69.091483 79.664605
69.888790 68.229013 80.933711
69.307738 69.115289 82.763731
69.068799 68.304633 87.920851
68.710077 69.421116 88.799257
67.833778 69.977136 93.008225
70.681853 68.414992 95.951875
